{
 "cells": [
  {
   "cell_type": "code",
   "execution_count": 1,
   "id": "80371a16",
   "metadata": {},
   "outputs": [],
   "source": [
    "import pandas as pd\n",
    "import numpy as np"
   ]
  },
  {
   "cell_type": "code",
   "execution_count": 5,
   "id": "953c95ee",
   "metadata": {},
   "outputs": [
    {
     "name": "stdout",
     "output_type": "stream",
     "text": [
      "   a  b\n",
      "0  1  3\n",
      "1  2  5\n",
      "2  3  2\n",
      "a    int64\n",
      "b    int64\n",
      "dtype: object\n",
      "         a         b\n",
      "count  3.0  3.000000\n",
      "mean   2.0  3.333333\n",
      "std    1.0  1.527525\n",
      "min    1.0  2.000000\n",
      "25%    1.5  2.500000\n",
      "50%    2.0  3.000000\n",
      "75%    2.5  4.000000\n",
      "max    3.0  5.000000\n",
      "a    1\n",
      "b    2\n",
      "dtype: int64\n",
      "a    3\n",
      "b    5\n",
      "dtype: int64\n",
      "          a         b\n",
      "a  1.000000 -0.327327\n",
      "b -0.327327  1.000000\n",
      "a    3\n",
      "b    3\n",
      "dtype: int64\n",
      "a    2.0\n",
      "b    3.0\n",
      "dtype: float64\n"
     ]
    }
   ],
   "source": [
    "df = pd.DataFrame( {\"a\" : [1,2,3], \"b\" : [3,5,2]})\n",
    "print(df)\n",
    "print(df.dtypes)\n",
    "print(df.describe())\n",
    "print(df.min())\n",
    "print(df.max())\n",
    "print(df.corr())\n",
    "print(df.count())\n",
    "print(df.median())"
   ]
  },
  {
   "cell_type": "code",
   "execution_count": 8,
   "id": "c1498ea4",
   "metadata": {},
   "outputs": [
    {
     "name": "stdout",
     "output_type": "stream",
     "text": [
      "   Name  Marks  Age\n",
      "0   ram     20   12\n",
      "1  sham     19   13\n",
      "2  atul     13   12\n",
      "(3, 3)\n",
      "           Marks        Age\n",
      "count   3.000000   3.000000\n",
      "mean   17.333333  12.333333\n",
      "std     3.785939   0.577350\n",
      "min    13.000000  12.000000\n",
      "25%    16.000000  12.000000\n",
      "50%    19.000000  12.000000\n",
      "75%    19.500000  12.500000\n",
      "max    20.000000  13.000000\n",
      "0     ram\n",
      "1    sham\n",
      "2    atul\n",
      "Name: Name, dtype: object\n",
      "ram\n",
      "   Name  Marks  Age\n",
      "0  riya     20   12\n",
      "1  sham     19   13\n",
      "2  atul     13   12\n",
      "    Name  Marks  Age\n",
      "0   riya     20   12\n",
      "11  sham     19   13\n",
      "22  atul     13   12\n",
      "int64\n"
     ]
    },
    {
     "name": "stderr",
     "output_type": "stream",
     "text": [
      "C:\\Users\\nidhi.sharma\\AppData\\Local\\Temp\\ipykernel_3540\\1609617491.py:9: SettingWithCopyWarning: \n",
      "A value is trying to be set on a copy of a slice from a DataFrame\n",
      "\n",
      "See the caveats in the documentation: https://pandas.pydata.org/pandas-docs/stable/user_guide/indexing.html#returning-a-view-versus-a-copy\n",
      "  df[\"Name\"][0] = \"riya\"\n"
     ]
    }
   ],
   "source": [
    "dict = {\"Name\":[\"ram\",\"sham\",\"atul\"], \"Marks\":[20,19,13], \"Age\":[12,13,12]}\n",
    "\n",
    "df = pd.DataFrame(dict)\n",
    "print(df)\n",
    "print(np.shape(df))\n",
    "print(df.describe())\n",
    "print(df[\"Name\"])\n",
    "print(df[\"Name\"][0])\n",
    "df[\"Name\"][0] = \"riya\"\n",
    "print(df)\n",
    "df.index = [00, 11, 22]\n",
    "print(df)\n",
    "print(df[\"Marks\"].dtypes)"
   ]
  },
  {
   "cell_type": "code",
   "execution_count": 9,
   "id": "dd27d79a",
   "metadata": {},
   "outputs": [
    {
     "name": "stdout",
     "output_type": "stream",
     "text": [
      "0    0.637412\n",
      "1    0.704285\n",
      "2    0.676485\n",
      "3    0.367635\n",
      "4    0.882136\n",
      "5    0.757713\n",
      "6    0.042952\n",
      "7    0.978964\n",
      "8    0.665131\n",
      "9    0.279219\n",
      "dtype: float64\n",
      "<class 'pandas.core.series.Series'>\n"
     ]
    }
   ],
   "source": [
    "ser = pd.Series(np.random.rand(10))\n",
    "print(ser)\n",
    "print(type(ser))\n"
   ]
  },
  {
   "cell_type": "code",
   "execution_count": 10,
   "id": "31fed177",
   "metadata": {},
   "outputs": [
    {
     "name": "stdout",
     "output_type": "stream",
     "text": [
      "          0         1         2         3         4\n",
      "0  0.222836  0.687957  0.089723  0.674354  0.509248\n",
      "1  0.131995  0.701800  0.493133  0.900884  0.715681\n",
      "2  0.154412  0.011405  0.160624  0.485147  0.869988\n",
      "3  0.373582  0.191930  0.690161  0.426622  0.907315\n",
      "4  0.252941  0.922723  0.338103  0.665387  0.746170\n",
      "5  0.255987  0.457888  0.878696  0.422367  0.310220\n",
      "6  0.524540  0.106803  0.922973  0.031024  0.202174\n",
      "7  0.617943  0.806635  0.857890  0.870268  0.656150\n",
      "8  0.663816  0.757990  0.166605  0.273183  0.688216\n",
      "9  0.262068  0.697968  0.649076  0.027322  0.473128\n",
      "0    float64\n",
      "1    float64\n",
      "2    float64\n",
      "3    float64\n",
      "4    float64\n",
      "dtype: object\n",
      "Int64Index([0, 1, 2, 3, 4, 5, 6, 7, 8, 9], dtype='int64')\n",
      "RangeIndex(start=0, stop=5, step=1)\n",
      "[[0.22283645 0.68795684 0.08972348 0.67435402 0.5092478 ]\n",
      " [0.13199546 0.70180024 0.49313251 0.9008839  0.71568104]\n",
      " [0.15441192 0.01140478 0.16062432 0.48514704 0.86998758]\n",
      " [0.3735819  0.1919302  0.69016126 0.42662239 0.9073153 ]\n",
      " [0.25294058 0.92272347 0.33810308 0.66538705 0.74616983]\n",
      " [0.25598722 0.45788818 0.87869613 0.42236725 0.31022018]\n",
      " [0.52453973 0.1068028  0.92297309 0.03102415 0.20217418]\n",
      " [0.61794344 0.80663455 0.85788997 0.87026821 0.65614992]\n",
      " [0.66381584 0.75798955 0.16660526 0.27318336 0.68821601]\n",
      " [0.26206809 0.69796844 0.64907623 0.02732172 0.47312754]]\n",
      "          0         1         2         3         4         5         6  \\\n",
      "0  0.222836  0.131995  0.154412  0.373582  0.252941  0.255987  0.524540   \n",
      "1  0.687957  0.701800  0.011405  0.191930  0.922723  0.457888  0.106803   \n",
      "2  0.089723  0.493133  0.160624  0.690161  0.338103  0.878696  0.922973   \n",
      "3  0.674354  0.900884  0.485147  0.426622  0.665387  0.422367  0.031024   \n",
      "4  0.509248  0.715681  0.869988  0.907315  0.746170  0.310220  0.202174   \n",
      "\n",
      "          7         8         9  \n",
      "0  0.617943  0.663816  0.262068  \n",
      "1  0.806635  0.757990  0.697968  \n",
      "2  0.857890  0.166605  0.649076  \n",
      "3  0.870268  0.273183  0.027322  \n",
      "4  0.656150  0.688216  0.473128  \n",
      "          0         1         2         3         4\n",
      "9  0.262068  0.697968  0.649076  0.027322  0.473128\n",
      "8  0.663816  0.757990  0.166605  0.273183  0.688216\n",
      "7  0.617943  0.806635  0.857890  0.870268  0.656150\n",
      "6  0.524540  0.106803  0.922973  0.031024  0.202174\n",
      "5  0.255987  0.457888  0.878696  0.422367  0.310220\n",
      "4  0.252941  0.922723  0.338103  0.665387  0.746170\n",
      "3  0.373582  0.191930  0.690161  0.426622  0.907315\n",
      "2  0.154412  0.011405  0.160624  0.485147  0.869988\n",
      "1  0.131995  0.701800  0.493133  0.900884  0.715681\n",
      "0  0.222836  0.687957  0.089723  0.674354  0.509248\n",
      "          4         3         2         1         0\n",
      "0  0.509248  0.674354  0.089723  0.687957  0.222836\n",
      "1  0.715681  0.900884  0.493133  0.701800  0.131995\n",
      "2  0.869988  0.485147  0.160624  0.011405  0.154412\n",
      "3  0.907315  0.426622  0.690161  0.191930  0.373582\n",
      "4  0.746170  0.665387  0.338103  0.922723  0.252941\n",
      "5  0.310220  0.422367  0.878696  0.457888  0.255987\n",
      "6  0.202174  0.031024  0.922973  0.106803  0.524540\n",
      "7  0.656150  0.870268  0.857890  0.806635  0.617943\n",
      "8  0.688216  0.273183  0.166605  0.757990  0.663816\n",
      "9  0.473128  0.027322  0.649076  0.697968  0.262068\n"
     ]
    }
   ],
   "source": [
    "newdf = pd.DataFrame(np.random.rand(10,5), index = np.arange(10))\n",
    "print(newdf)\n",
    "print(newdf.dtypes)\n",
    "# newdf[0][0] = \"abc\"\n",
    "# print(newdf.dtypes)\n",
    "print(newdf.index)\n",
    "print(newdf.columns)\n",
    "print(newdf.to_numpy())\n",
    "print(newdf.T)\n",
    "print(newdf.sort_index(axis=0, ascending = False)) #0 for rows\n",
    "print(newdf.sort_index(axis=1, ascending = False))  #1 for columns"
   ]
  },
  {
   "cell_type": "code",
   "execution_count": 11,
   "id": "6e12796f",
   "metadata": {},
   "outputs": [
    {
     "name": "stdout",
     "output_type": "stream",
     "text": [
      "<class 'pandas.core.frame.DataFrame'>\n",
      "            0         1         2         3         4\n",
      "0  234.000000  0.687957  0.089723  0.674354  0.509248\n",
      "1    0.131995  0.701800  0.493133  0.900884  0.715681\n",
      "2    0.154412  0.011405  0.160624  0.485147  0.869988\n",
      "3    0.373582  0.191930  0.690161  0.426622  0.907315\n",
      "4    0.252941  0.922723  0.338103  0.665387  0.746170\n",
      "5    0.255987  0.457888  0.878696  0.422367  0.310220\n",
      "6    0.524540  0.106803  0.922973  0.031024  0.202174\n",
      "7    0.617943  0.806635  0.857890  0.870268  0.656150\n",
      "8    0.663816  0.757990  0.166605  0.273183  0.688216\n",
      "9    0.262068  0.697968  0.649076  0.027322  0.473128\n",
      "            0         1         2         3         4\n",
      "0  234.000000  0.687957  0.089723  0.674354  0.509248\n",
      "1    0.131995  0.701800  0.493133  0.900884  0.715681\n",
      "2    0.154412  0.011405  0.160624  0.485147  0.869988\n",
      "3    0.373582  0.191930  0.690161  0.426622  0.907315\n",
      "4    0.252941  0.922723  0.338103  0.665387  0.746170\n",
      "5    0.255987  0.457888  0.878696  0.422367  0.310220\n",
      "6    0.524540  0.106803  0.922973  0.031024  0.202174\n",
      "7    0.617943  0.806635  0.857890  0.870268  0.656150\n",
      "8    0.663816  0.757990  0.166605  0.273183  0.688216\n",
      "9    0.262068  0.697968  0.649076  0.027322  0.473128\n",
      "             0         1         2         3         4\n",
      "0  2345.000000  0.687957  0.089723  0.674354  0.509248\n",
      "1     0.131995  0.701800  0.493133  0.900884  0.715681\n",
      "2     0.154412  0.011405  0.160624  0.485147  0.869988\n",
      "3     0.373582  0.191930  0.690161  0.426622  0.907315\n",
      "4     0.252941  0.922723  0.338103  0.665387  0.746170\n",
      "5     0.255987  0.457888  0.878696  0.422367  0.310220\n",
      "6     0.524540  0.106803  0.922973  0.031024  0.202174\n",
      "7     0.617943  0.806635  0.857890  0.870268  0.656150\n",
      "8     0.663816  0.757990  0.166605  0.273183  0.688216\n",
      "9     0.262068  0.697968  0.649076  0.027322  0.473128\n",
      "            0         1         2         3         4\n",
      "0  234.000000  0.687957  0.089723  0.674354  0.509248\n",
      "1    0.131995  0.701800  0.493133  0.900884  0.715681\n",
      "2    0.154412  0.011405  0.160624  0.485147  0.869988\n",
      "3    0.373582  0.191930  0.690161  0.426622  0.907315\n",
      "4    0.252941  0.922723  0.338103  0.665387  0.746170\n",
      "5    0.255987  0.457888  0.878696  0.422367  0.310220\n",
      "6    0.524540  0.106803  0.922973  0.031024  0.202174\n",
      "7    0.617943  0.806635  0.857890  0.870268  0.656150\n",
      "8    0.663816  0.757990  0.166605  0.273183  0.688216\n",
      "9    0.262068  0.697968  0.649076  0.027322  0.473128\n"
     ]
    }
   ],
   "source": [
    "newdf2 = newdf\n",
    "print(type(newdf2)) # here newdf2 is a memoryview, that points to the newdf\n",
    "newdf2[0][0] = 234\n",
    "print(newdf2)\n",
    "print(newdf)\n",
    "newdf3 = newdf.copy() # here newdf3 is a copy of newdf\n",
    "newdf3[0][0] =2345\n",
    "print(newdf3)\n",
    "print(newdf)\n"
   ]
  },
  {
   "cell_type": "code",
   "execution_count": 12,
   "id": "d59e016b",
   "metadata": {},
   "outputs": [
    {
     "name": "stdout",
     "output_type": "stream",
     "text": [
      "            0         1         2         3         4\n",
      "0  123.000000  0.687957  0.089723  0.674354  0.509248\n",
      "1    0.131995  0.701800  0.493133  0.900884  0.715681\n",
      "2    0.154412  0.011405  0.160624  0.485147  0.869988\n",
      "3    0.373582  0.191930  0.690161  0.426622  0.907315\n",
      "4    0.252941  0.922723  0.338103  0.665387  0.746170\n",
      "5    0.255987  0.457888  0.878696  0.422367  0.310220\n",
      "6    0.524540  0.106803  0.922973  0.031024  0.202174\n",
      "7    0.617943  0.806635  0.857890  0.870268  0.656150\n",
      "8    0.663816  0.757990  0.166605  0.273183  0.688216\n",
      "9    0.262068  0.697968  0.649076  0.027322  0.473128\n",
      "            a         b         c         d         e\n",
      "0  123.000000  0.687957  0.089723  0.674354  0.509248\n",
      "1    0.131995  0.701800  0.493133  0.900884  0.715681\n",
      "2    0.154412  0.011405  0.160624  0.485147  0.869988\n",
      "3    0.373582  0.191930  0.690161  0.426622  0.907315\n",
      "4    0.252941  0.922723  0.338103  0.665387  0.746170\n",
      "5    0.255987  0.457888  0.878696  0.422367  0.310220\n",
      "6    0.524540  0.106803  0.922973  0.031024  0.202174\n",
      "7    0.617943  0.806635  0.857890  0.870268  0.656150\n",
      "8    0.663816  0.757990  0.166605  0.273183  0.688216\n",
      "9    0.262068  0.697968  0.649076  0.027322  0.473128\n",
      "            a         b         c         d         e\n",
      "0  123.000000  0.687957  0.089723  0.674354  0.509248\n",
      "1    0.131995  0.701800  0.493133  0.900884  0.715681\n",
      "2    0.154412  0.011405  0.160624  0.485147  0.869988\n",
      "3    0.373582  0.191930  0.690161  0.426622  0.907315\n",
      "4    0.252941  0.922723  0.338103  0.665387  0.746170\n",
      "5    0.255987  0.457888  0.878696  0.422367  0.310220\n",
      "6    0.524540  0.106803  0.922973  0.031024  0.202174\n",
      "7    0.617943  0.806635  0.857890  0.870268  0.656150\n",
      "8    0.663816  0.757990  0.166605  0.273183  0.688216\n",
      "9    0.262068  0.697968  0.649076  0.027322  0.473128\n",
      "          b         c         d         e\n",
      "0  0.687957  0.089723  0.674354  0.509248\n",
      "1  0.701800  0.493133  0.900884  0.715681\n",
      "2  0.011405  0.160624  0.485147  0.869988\n",
      "3  0.191930  0.690161  0.426622  0.907315\n",
      "4  0.922723  0.338103  0.665387  0.746170\n",
      "5  0.457888  0.878696  0.422367  0.310220\n",
      "6  0.106803  0.922973  0.031024  0.202174\n",
      "7  0.806635  0.857890  0.870268  0.656150\n",
      "8  0.757990  0.166605  0.273183  0.688216\n",
      "9  0.697968  0.649076  0.027322  0.473128\n",
      "          b         c         d         e\n",
      "2  0.011405  0.160624  0.485147  0.869988\n",
      "3  0.191930  0.690161  0.426622  0.907315\n",
      "4  0.922723  0.338103  0.665387  0.746170\n",
      "5  0.457888  0.878696  0.422367  0.310220\n",
      "6  0.106803  0.922973  0.031024  0.202174\n",
      "7  0.806635  0.857890  0.870268  0.656150\n",
      "8  0.757990  0.166605  0.273183  0.688216\n",
      "9  0.697968  0.649076  0.027322  0.473128\n"
     ]
    }
   ],
   "source": [
    "newdf.loc[0,0] = 123\n",
    "print(newdf)\n",
    "\n",
    "# newdf = newdf.drop(0,axis=1)\n",
    "# print(newdf)\n",
    "\n",
    "# print(newdf.loc[[1,2],[2,3]]) # returns a copy\n",
    "\n",
    "# print(newdf.loc[(newdf[1]<0.3)])\n",
    "# print(newdf.loc[(newdf[1]<0.3) & (newdf[2]<0.4)])\n",
    "# print(newdf.loc[(newdf[1]<0.3) & (newdf[2]>0.4)])\n",
    "\n",
    "newdf.columns =list(\"abcde\")\n",
    "print(newdf)\n",
    "# print(newdf.loc[0,\"a\"]) # label based data selecting method\n",
    "# print(newdf.iloc[0,0]) # indexed-based selecting method\n",
    "\n",
    "\n",
    "newdf.drop([\"a\"],axis = 1) #this is just a copy won't change the original\n",
    "print(newdf)\n",
    "newdf.drop([\"a\"],axis = 1, inplace = True) #will change the original DataFrame\n",
    "print(newdf)\n",
    "newdf.drop([0,1],axis = 0, inplace = True)\n",
    "print(newdf)\n",
    "# newdf = newdf.reset_index() # will reindex the data but add the previous index as a column\n",
    "# print(newdf)"
   ]
  },
  {
   "cell_type": "code",
   "execution_count": 16,
   "id": "635e087c",
   "metadata": {},
   "outputs": [],
   "source": [
    "# newdf.loc[0,0] = 123\n",
    "# print(newdf)\n",
    "\n",
    "# newdf = newdf.drop(0,axis=1)\n",
    "# print(newdf)\n",
    "\n",
    "# print(newdf.loc[[1,2],[2,3]]) # returns a copy\n",
    "\n",
    "# print(newdf.loc[(newdf[1]<0.3)])\n",
    "# print(newdf.loc[(newdf[1]<0.3) & (newdf[2]<0.4)])\n",
    "# print(newdf.loc[(newdf[1]<0.3) & (newdf[2]>0.4)])\n"
   ]
  },
  {
   "cell_type": "code",
   "execution_count": null,
   "id": "509bfa4b",
   "metadata": {},
   "outputs": [],
   "source": []
  }
 ],
 "metadata": {
  "kernelspec": {
   "display_name": "Python 3 (ipykernel)",
   "language": "python",
   "name": "python3"
  },
  "language_info": {
   "codemirror_mode": {
    "name": "ipython",
    "version": 3
   },
   "file_extension": ".py",
   "mimetype": "text/x-python",
   "name": "python",
   "nbconvert_exporter": "python",
   "pygments_lexer": "ipython3",
   "version": "3.11.3"
  }
 },
 "nbformat": 4,
 "nbformat_minor": 5
}
